0.39424077601593155
0.3107971964045987
0.007746127557947659
0.20826911746553575
0.3599703291118657
0.28794765283298857
-0.02953251163772611
0.24082120228728052
0.017059917207783718
0.3350423344284021
-0.5035926023266275
-0.4813268385519043
-0.3754041072341729
0.05519178124076429
-0.10683067392679482
0.08925403718755298
0.26546229257304543
0.4281511792913873
0.3981620728212506
0.6958167484453189
0.6657519439978425
0.6593530963582261
0.8781733604450177
0.8969237447615598
0.8996173601825744
0.7769711792557097
0.9590119663012036
0.5773588934927705
0.4521973601416943
0.33127562311099124
0.32746362752654534
0.6818502331970405
0.4678051026420233
0.5673995207638092
0.598872023430993
0.25094802005752026
0.6564018045063211
0.47209014492672075
0.4578097982162507
0.5652758839396023
0.6826803717609002
0.9084485360490315
0.6663489064449011
0.38927585780952023
0.42918192568414887
0.18133595128960947
0.4724574251254409
0.6945733436683817
0.5832872924304494
0.4503267895270353
0.26728813129129625
0.20936004651240075
-0.04408005393918868
0.36564287085848673
0.15187136246800872
0.36686105181385853
0.37332300898292736
0.17121648183394278
0.7999418238382072
0.6225716162408004
0.7280328042762158
0.11819456462913984
0.051051217079583225
0.13485391581700518
0.33999535786753854
-0.050798660975617055
0.061582574760197115
-0.2879805105119585
-0.5406649934826737
-0.29316261701383994
0.035437630175787264
-0.2928687303391343
-0.02653563255900483
0.004987656760040403
0.5244537174583158
-0.1487438096085652
0.2924141260724456
0.5929575544283057
0.7367616946456985
0.6236580193687078
0.64473427006712
0.8497899723560349
0.8557672203189047
0.5545529265237805
0.8420079572703844
0.9394985272963429
1.1371073145500712
1.018652884473246
1.0575217604101166
1.0847153128589622
1.2265144199681715
1.0115161475351675
0.7934264079089557
0.8556503101032896
0.3285227973820055
0.36877756928904193
0.5660453084821446
0.8036637218599438
0.7473525760782032
0.6710239948998888
0.7744142544479649
0.6703662846333801
0.7761915212686052
0.6895114007384978
0.7317490597941699
1.0547219468919533
1.304528850830393
1.1877483921792298
1.164614561231457
0.9949790305217501
0.9373150167136131
0.8687979038115696
1.046193422079321
0.002850680014100806
-0.3095577825269371
-0.29397833150587105
-0.27277543633137397
-0.2090465425937706
-0.07521626708642992
0.11503373102792859
0.15551141222519757
-0.10838719308167928
-0.27359686652853665
0.23661808676004487
0.0347928236660718
0.1364682012512743
0.36364907834267785
0.548995361577616
0.7030742667388667
0.4169292085492053
0.9270341772808549
1.2521034247409928
1.231966331001362
1.0783247055281255
1.2129623417250526
1.2132534245548483
0.870713345073416
0.7517562583189885
1.1669581219892111
0.6973861054575989
0.9315087616312621
-1.0467897884358766
-1.3571652086429733
0.20309809500054224
0.7591537853632145
-1.321227692809329
0.5324346450265995
0.18104975800408746
0.7195847327811328
-2.3351854208040965
-2.6432985847217196
-1.5435699653185977
-0.953096002936901
-1.9011164347193035
-1.840210578871873
-2.561191161073482
-2.2132941272103652
-2.0040937684081137
-1.816259090275077
-2.342982476088108
-3.053031639148919
-2.063396564810004
-0.8049538049103203
-0.20859616703949577
-0.3011405230046674
0.11060199209540465
0.5636769049222564
0.4329102788361137
0.6808833313615121
0.7525052013064646
1.0126102940255923
0.8889011512184605
0.2553984056374336
0.9642905478116612
1.0896317315300175
0.9690309036417918
1.0495558352557035
1.2577248926469633
0.5855604435083623
1.0260199025910097
0.6663157055011806
1.007447098468565
1.0126834763803774
0.0281267791917038
0.6391099362361896
0.7787889600446882
0.8995117953053545
0.16428370566688877
0.5285363707948162
0.45090646621974795
0.6239514269610344
0.9161513517738824
0.7735124759631931
0.4495781852438918
0.586969507321183
0.1835103757131686
0.10864143328201328
0.23209624091442044
-0.8303862774327517
0.006241114329110236
-0.3314975783312828
0.06059833801859918
0.24787948173306926
-0.37451841253960805
-0.5918637090249118
0.02161537801659494
-0.2820512472388437
-0.1921164541883538
-0.6913949916989072
-1.1075050012675234
-2.558013173192274
-1.3825835865878913
-0.4456532604384781
0.04378562175175464
-0.31806912828553935
0.19183928391791727
0.2912804541765829
0.26873728666331065
0.37278590948310764
0.32258605310958205
0.6039433090938819
0.7364325950323837
-0.2871960767327943
-2.2974656075353797
-0.8071572352767618
0.41696705891463676
0.15610902504296906
0.7958840266425521
0.4859741428594382
0.11763215477689212
-0.10719142477050456
-1.109206531323756
-2.1135685817894303
-1.8466276124280332
-1.1050465184663174
-0.7965015930719427
-0.6692759082042037
-0.21366206224776604
-0.21249534311641619
-0.04393706939550204
0.28032596862488274
0.39224168158446104
-0.7211939111687374
-2.084512078671333
-2.3090416639902642
-1.4319885951648672
-1.0236619197457815
-0.6356728121929123
-0.8216737324186808
-0.3687597219574701
0.2123537641144352
0.5025723981880986
-0.004502456483708547
0.1639770191676216
-1.0554216464530124
-0.23895506508508585
0.24046036332122414
0.42982457236145566
-0.5777119248431417
0.10279801623860169
0.1061632241054129
0.2567775694144167
0.7030776020186097
0.17990949316340119
-0.08766706608734376
0.8225077058433737
1.0069752928549613
0.49021815399421453
0.3543577591372025
-0.40340247264286494
0.3240635510611282
-0.40517995221980696
-0.07402006714398028
-0.20808172362708485
-0.31922311174763934
-0.7794320343667154
-0.09313893549491553
-0.7407639094492543
-0.8716858618500432
-1.066093687167812
-0.5352003369796048
-1.0004305609777764
-0.8944654793922981
-1.0613466402708758
-0.7802723434163963
-1.1077201591941261
-0.5841037149721593
-0.06027067812173487
0.04915982303488824
-1.3771027202737562
-0.5082559961993328
-0.7562042484175353
-0.023393169446095513
0.43551297107236703
-0.0720445468408984
0.1759924173187514
0.11193371851744527
0.6418356976043227
0.6582873506300464
0.7567115943958437
0.37778138648278436
0.582597179752129
0.08383387631039169
-0.8646924024574725
-1.6583227705826784
-2.447944634025629
-1.241271900739104
-2.624693354773698
-0.25860948140500506
-2.6349748552617758
-1.7048644068281666
-0.4045095185322424
-0.6453419736977196
-0.2525578396538966
0.22069096781171182
0.08663641717655601
0.45483557185995893
0.542069740150007
0.43398578014250777
0.22351711212469566
0.20734204146222715
0.4045285540422127
0.6227511137957218
0.8497560507215502
1.1114622797634317
0.259209513558859
-2.4290446961778063
-0.5606425906414548
0.006758087105529102
-2.60767770829591
-0.2900017130288717
0.18204949761054628
0.2135745541775777
0.12168871553766744
-0.32745112008540594
-0.33770683587662054
0.051204024797160845
0.24068477503007596
0.36153830065054127
0.23249757907243174
0.09659268412482426
-0.12028173792307424
0.5006088779419353
0.6807111465703227
0.31692236915445243
0.6269412391932605
0.7192264251365867
0.41587302607212584
0.30182476246723533
0.2144140741908462
0.2675135072282822
-0.05807485058389038
0.2098949846633008
0.615880458423376
-0.7122110008087964
-0.6111616311415893
-0.0015729841330732082
-0.6930699201552661
-0.2827097893332289
0.8726318814141096
1.0725646568118878
-0.6184049412634975
0.11256661355241057
0.5422077691253867
0.20750680490471854
0.7769444348518426
0.5850303732290891
0.30846057303742286
-0.05379610205189897
0.6808881474112483
1.6958335954609765
0.2291746617604876
0.45893216382890917
0.6577725921645388
0.7461589905920681
0.9706887972026078
0.6843677245688997
1.070876934312453
0.8018871349837065
0.101522368543863
-0.30607670893469996
0.24170628026205204
0.49429683846296224
0.6539292174470367
0.6065456478480487
0.12869487465225513
0.5119190380158438
0.9178070838682535
0.5366615797707516
0.6834642366036685
0.6400379867373763
0.3151376970648388
0.5066857275047746
0.3767720904443314
0.5770600022263928
-0.32052982012183173
0.25341078754107715
0.5759812148509498
0.6546147656945753
0.459551805157424
-0.0012250730672478819
-0.7730734555918861
-0.3134550451546095
0.18266641066349948
0.5704309425081654
-0.3356992935127852
0.0658605729938237
-0.06748719857783536
-0.2943382823990147
-1.7633094124440878
-1.514897320327334
-0.5495723302735327
-0.0636912602144862
0.24955864371181524
-0.0024167097132823563
-0.6870886331618344
-0.5387511021427309
-0.16610188790964642
-0.22279879808161124
-1.8885465492171734
-0.5794601362034202
0.10734779547511343
-0.04507218375163424
-1.4278936868234684
-1.2872280535973828
-1.395854772497329
-1.1197479042269298
-0.7819856909963621
-1.1067854975554143
-1.6990195053796568
-2.1019608260802882
-2.348413349090258
-1.8593372531557248
-0.9345434831540929
-0.5633689099949966
-0.16548785759753432
-0.5000372936194887
-0.4994894132599854
-1.1788049224309505
-0.7757478447106646
-0.14572243577667093
-0.9461504895478436
-0.80494359699284
-0.3436508684305142
0.014248423419796834
0.32127277444216906
0.08349651315232398
-0.770805862287786
-0.26337460475768065
0.2379553782093847
0.6454798204413021
0.5019298927498688
0.5972679787573423
0.5308923612883358
0.5109087002485317
0.5374744900118518
0.3109918493360252
0.6311028651725834
0.46077717698575055
0.24353134512855762
-1.2748200602586732
-1.994650406152274
-1.3775651552674355
-1.401320839010061
-1.7997489230014283
-1.056298753987756
-0.2621682956677092
-1.0648722922053695
-0.7209754761858793
-0.7301598676699519
-0.6602700475915547
-2.371136477283809
-1.3963152359809543
-0.7067391521607317
-0.20930730858501398
-0.4342419798512937
-1.6137256929374821
-1.4550013980063818
-1.241249687871273
-2.131179131336094
-2.1670454746043113
-1.5830631128186248
-2.3820030858698304
-2.5150071348381378
-1.3953269085547477
-0.01933186154776924
0.12095022289128599
-0.09762536011611073
-0.37830964440636217
0.15922653791238692
-0.3334802821939896
-0.14355944704051
0.4116722903548882
0.49755009388311777
0.4463979387664636
0.5893403408077554
0.4087416118052262
0.5861816134361858
0.42959962874229063
0.3877812413646292
0.41508369975191883
-0.031545710444776526
-1.8995871365885897
-1.1368398807840958
-0.6880473175345436
-0.23389827278780773
-0.17920616448998739
-1.2989852345188941
-0.8311253347666717
0.2192363548605224
-0.40052374672822166
0.35707940562770524
0.6661484528827593
-0.47735611515475834
0.6567478095911636
0.6659728869263775
0.9757378948902198
1.1189709533235432
0.9839838184273224
0.9722631250501154
0.7032146889456306
0.8342329753113206
0.4239545073344411
-0.37716886686090945
-1.7932662443011607
-0.9590122735281381
0.1318094469566516
0.6027308025115594
-1.7321272210869965
-0.7894239671688813
-0.4798376122426258
0.039149065101250526
0.3115811082196329
0.2687621354056006
-1.8261543856402158
-2.5070224291920997
-0.46010710637944674
-1.7656978095731892
-1.0983972955618237
-1.9275320024203648
-2.827371772825591
-1.1171636483479594
-0.5252066054779525
-1.1094071975309463
-0.25466643199147704
0.3396719521077322
0.31673039842150885
-0.11939881506277321
0.3498998249012293
0.4094131113523065
-1.5215861855058972
-0.4736999897710902
-0.17196236007454538
-0.37182515868229604
-0.6466935511497036
-2.1967076805929526
-2.6452122678869205
-1.976620256928241
-1.3257844644353083
-0.9716383185907606
-0.4858706747973449
-0.6525379115764351
-2.2349220771221012
-1.5173053714537272
-0.4181345053194754
-0.12240950946155879
0.09218946882588945
0.33994233335698143
-0.31277005322701484
-1.1115608562188302
-0.9882686376680601
0.14039879795049742
0.4750352562085874
0.20695224419713013
0.3455799067310121
-0.13084400975120497
0.16351989346787876
-0.018572429714750184
-0.010795306957975571
-0.20210910612554606
-0.504109173144468
-1.6654880900996143
-2.2210912824257996
-2.7962632821156514
-2.460312195305058
-1.4297378154978173
-1.085216800306631
-1.960119963557382
-2.1795963524772404
-1.33445264175987
-1.95133746105379
-2.3109044561941032
-2.0770851707462605
-2.2989422118737077
-2.0061005835864516
-0.25978627563709134
-1.070018084666122
-0.6908134710673995
-0.4937632567024587
-1.0299227369841506
0.11890907766445497
-0.1650501808329116
0.1549299272732859
0.8023566956214125
0.7533864104555815
0.06489171918144325
-0.4195325783844513
-1.2969114026405721
-0.6291153203224799
-0.10116399782699544
0.05967469027647733
-0.09395147525344913
-0.5414259687859098
-1.4260523596753623
-2.307389585869882
-1.069648549704837
-1.1787379657951969
-1.1977596459508868
-0.9096437537460949
-1.6830876512613586
-2.5113314041786357
-2.8647031573396777
-1.4505196054766316
-1.1011113723839543
-0.9142466822268881
-1.9906895661799255
-1.4486084742167038
-2.3081367603201928
-2.100820657310413
-2.247762552621322
-1.2763876188592234
-1.4691818787213313
-1.8533331162791051
-1.8289016648562195
-2.1252697952781765
-0.9303809670432962
-0.2684278991745864
0.1859075094313263
0.1221128609876434
0.06785875306664424
0.07993959261425307
0.1326357045872686
-0.03377862862635697
0.12559000540799797
-0.7407301370912016
-2.7457603648208586
-1.6175075402189374
-0.6832851960231208
-1.1335045174885494
-0.9130878838733356
-0.9749801952401532
-0.2497028163748913
-0.9700651604166978
-1.0601781055963855
-1.3577201244564727
-2.037590885042959
-2.6398703564625343
-2.6569957196460208
-2.0520175139840227
-0.9983798053380413
-0.6143977902094238
-0.03953751399621084
-0.25189805689045813
-0.07315280405150731
0.10075028363685787
-0.6392430806693363
-0.13347120588905154
-0.293252894219955
0.35567046055667695
-0.07648445137336088
0.5598588590413642
-0.23317396351787162
0.3714807524593465
0.4246718208818275
-0.2061043174334356
0.11742933480041953
0.2559788606385199
0.36249398239368197
-0.5461083619710382
-0.1450646095650602
0.12975916484919284
0.2399958519427392
0.37225290003057526
0.3381331736473929
0.08676886467121807
-0.3431225730593231
-0.619595428620232
-0.6569443753713913
-0.5545226081148427
-0.2871971215677963
0.19341093619142088
0.33856814705809973
-0.36546276398075667
-0.4886208980423706
-2.1613005564292886
-0.09810112767426811
-0.44232432048243114
0.17178574379342532
0.05554441046150838
0.0193595957522993
-0.8418318003830128
-0.8815673546629791
-0.9834919953985407
-0.32250224683495843
-0.4899709423283363
-0.2626382347320709
0.008947664640201651
0.29061582715884887
0.26925589043488074
0.13341234473995794
0.19262654564179255
0.06630699222428534
0.11600092740320431
-0.07667236356559311
0.1800975087852642
0.16170640159388833
0.2327686597150103
0.0646195317660816
-0.3657924082171319
0.07662242498406856
0.2689806588718527
0.05830945844206803
0.03327409978107006
-0.18813680598575558
0.21882579381583983
-0.3658790679612728
-0.03514608630075907
0.1548951933471103
0.06892270803725312
-1.0120411038473125
-0.5844031496820571
-0.4672342237950851
-0.1917155635130227
-0.14155889521404974
-0.07989867537543544
-0.20624744232366463
-0.130482610199073
-0.17567237012303522
-0.6559613553300103
-0.7611005531182224
-0.5589862788748737
-1.345713074350952
-0.341341576853457
0.4005304998603729
0.3137763565581657
-0.34114558839057796
-0.765128368968522
-1.34553317985773
-0.6227613028787297
-0.24527777948596113
-0.0885894721941126
-0.30165707147178006
0.04977543637671951
-0.5259906829572234
-2.2070255063377693
-1.8767636847808502
-0.7954652186467047
-0.03658791456756398
-0.1259271904291013
0.30140168635863573
0.04914778941130161
-0.3542453750063545
-0.3619641841154143
-0.09101346597407045
0.04818529260973103
-0.012101755693942836
-0.6896116611736672
-1.3146286129446056
-0.4511124354640215
-0.541274811365253
-0.10193569237556407
-0.09425806850888324
-0.49475349834593113
-0.3055602517369711
-0.34071574583579034
-2.271103267876438
-2.531494429026143
-1.7313539955932609
-0.23762274291570956
-0.12063366185441746
-0.5637900835636029
0.09496889114959428
0.2343615822108191
0.3042830560362875
0.002817845172808687
-0.5590483664498082
-0.7463034617289306
-0.36454791008176557
-1.0028547186327037
-2.388498175569303
-1.4376442478454643
-1.3026968253269908
-1.2610787075845908
-1.9794360593198301
-2.538295804241227
-2.0204045223961296
-2.2839084625140416
-2.614301730383843
-1.5131107087185123
-0.601372915326945
0.06287448849971375
0.005267609110997367
0.15939810464314397
0.1125964339058779
0.06632442283668033
-0.8839760533394716
-0.8290811248549781
-0.32312192831901315
-0.16970473727088362
-0.742504047116146
-1.898054760653526
-1.1871915727261424
-0.2457234135822413
-0.016593496060319443
0.39199817148792726
0.32725014476182746
0.11250902957004727
0.3637215967103883
0.5997805485889507
0.7426548932855608
0.6470706577253371
0.2597934164460909
0.4966498839611092
0.6625739103564304
0.7484888698031372
0.012162661032677897
0.24933899577503915
0.3563223577394801
0.3485703903598688
0.2996824400265456
0.1799196015804076
-0.004599171236495846
0.37008985770128966
0.33488017412927396
0.07734876755200006
0.4779448537805304
-0.2070426886604802
0.15285186294300335
0.07034978526802706
-0.15232325940592223
0.2494052354349637
0.48333814224643046
0.4672922800732197
0.053622848428209476
-0.4642082976456404
-0.3339525724974312
-0.8583418889279821
-2.1492378580398546
-2.600059558326454
-1.3416811482844335
-1.572863590940169
-2.5733871809056286
-2.8175079032212573
-1.1181262167030381
-0.257989876846772
-0.5105403069433114
-0.15488105050832307
0.18592099303515142
0.08190534058323845
0.12701386897525585
-0.8401431989744066
-0.8961689235963974
-0.30775775739116423
-0.1370706986988099
-0.37575646665207835
-0.24605202638914075
-0.7298449125557365
-0.11161705018410119
-0.06121086589210033
-0.8474031434104692
-1.9754235837576446
-0.9579223131012442
0.1831292999397566
-0.0442547986630599
0.08734111687009209
0.3043752373292974
0.6145280455185445
-0.08130160991484768
-1.2724405491387925
-0.6593232312294075
-0.14794694961194643
-1.3853051229176638
-0.406217603004024
0.06756248827637085
-0.1840092400924247
0.15592771871074884
-0.028078458150158282
0.027704373107834333
0.16190506850607161
0.18401155981544562
0.06678594795369522
-0.08150010505968472
0.2513620418026976
-0.18799335666636807
-0.003397521663790464
-0.24439803363025733
-0.09292156423054654
0.009142081291955593
-1.5148043179485684
-2.4860105643591774
-2.5831420444253563
-1.169323392800535
-1.5776746396454286
-0.39329509002458374
-0.4605141751035172
0.06327942369012729
-0.13389893562745053
0.028396277697901092
-0.2218758689113805
-0.047689363617452706
-0.13188265790735337
-0.025320515080897537
-1.037980027358091
-0.5294953672344486
-0.4858652107874696
-1.2538074901407348
-2.4562376693850805
-1.0254169461892746
-0.36624250628940636
-0.9476006318865465
-0.669641676509255
-2.0306302865887766
-2.4647707527662095
-1.402509412317679
-0.47824362401390974
-0.6055151569788717
-0.2214740757143702
-0.8161745813639315
-0.7136218048654239
-0.36047623698711123
-0.19424398292186823
0.03583393403737417
0.0391303906108688
-1.2081626118467421
-0.48661276332452685
0.07620225660341132
-0.03124409772128071
0.12599109948029558
-0.3408681541868749
-0.6939495443759307
-0.839685050121816
-1.0751751124124413
-0.8277326826351903
-0.7269249610510291
-0.546435670480082
-0.768822892209085
-0.41034066907265887
-0.33295058875759653
0.16148078972358
0.5482161772437797
0.5318470336399117
0.58874637468939
0.4611307687497711
0.6871375557273325
0.3628197869701273
-0.08748565916249305
-0.10208489873844921
-0.12663784670366648
-0.7966986179938289
-0.08435075235808517
-0.17610177115452197
-0.06581077114183395
0.3380393663049609
0.27389475387799345
-1.4715741892947178
-1.8745569101898831
-0.2359939683146256
-1.1305754427862338
-1.4078129356930336
-0.7095234683243978
-1.1515855949631457
-0.9446720138947524
-0.4149123887198459
-0.2610572863645346
-0.47225895385434674
-0.8968062438092281
-1.1948496901930945
-0.8644790984195345
-1.9916585087968048
-2.54018138797373
-1.7792295400313312
-0.44548354891151387
0.04931727801124593
-0.16222057017994135
0.025565523103050117
0.10472976004487178
0.3463482195071487
0.22295155903710065
-0.29967495377188413
-1.5167097207710307
-0.3761149334350011
0.09648535261970172
0.03517422330324858
-0.10945574184139872
-0.9292556257947231
-0.39474382567972177
-0.4227424972373954
0.04022459174558805
0.143083620110769
0.026755848907254187
0.30398447640834864
0.20056614587586027
0.1477430138399742
-0.3028929044958032
-0.7881051474419047
-0.6301311686365876
-0.7515217430969551
-0.23540301353724918
-0.06943665899437484
0.34676784077415884
-0.02071406467945968
0.35280612519620935
0.7088038544186308
0.961384889063579
0.6635532655763139
0.7545039360645724
1.0741530259857337
-0.4791870773596136
0.4467815216315141
0.39652764870469037
0.43008878957930885
0.1956728676507697
-0.015542897189502636
0.34477885818729104
0.09955662965315575
-0.22231617428394873
-0.49325715467241554
-0.0472626364990264
-2.56917206492158
-1.7843866858968844
-0.3782054687904075
-0.34913046806396836
0.057174238812115086
0.21591139896416248
0.471387397247897
-0.9704653853465967
-2.5344552596702172
-0.9316475305214221
-1.7725310959753255
-1.7862990531288858
-0.6665839687908032
0.09852853989484707
0.3415018770807563
0.3182814386797552
0.07167630064638432
-0.7360867102548843
-0.1892721642073532
0.12464336480452137
0.11531046029197184
0.08710322302828366
0.34710946340853277
0.6236803193368754
0.31136765109119957
-0.3523193266950131
0.2449018425202129
-1.0802564565385577
-0.09101782547269249
0.12366153337011795
-0.14736163551304512
-0.7638231410247741
0.21326869674304771
0.30222304657812826
0.07685610758673311
-0.7496628560879297
-1.2235030895785153
0.32444671822421095
0.7926476245180081
-0.32570923132920176
-0.5256599134467743
0.0789178140690491
0.41433416170816534
0.6042960736458216
0.4457018821530799
-0.6248528641278901
-0.34152026744755826
-0.23205074748586776
-0.17562058033655747
-1.785606975820272
-0.35591234350609824
-0.4282449650934101
0.11382870908105415
-0.011429057619192093
-0.536052206352206
-1.3395737731954542
-0.259988805890661
0.4776431046492505
0.4900030185082871
0.3464904477406273
0.6325992326471833
0.9988700431385835
-0.29796716247512645
0.22339708773695569
-0.4460478677146268
0.16439384380722516
-0.42666758778471403
0.751573002357091
0.46671138980353605
-0.6156513525393251
0.0220335433797155
0.12742643870666887
-0.06278110968992044
0.14620509142685684
-0.4011599535348489
0.6274634023351358
0.9530246011010493
-0.0498251339990897
-0.7118438352229449
-0.9314507562864093
-1.0866288195636133
-0.6584103580282509
-0.7849355911859082
-0.16244781277475356
-0.08609325459637454
0.08442624925463016
-0.0686197266987976
-0.0057397828890802475
-0.6311029449129941
0.18083263654931148
-0.019128202050939635
-0.3902555416154348
0.19619124186909817
-0.1785032542033695
0.39662546421360956
-0.061383864115060215
0.5515490151339826
-0.46320328806311156
-0.66317014047931
-0.17405378591508583
-0.10811559569926388
-0.09911190316691253
-0.406622272586934
-0.8474541864188071
-0.2861743880742906
0.11594744151237604
0.2030895716410215
0.5753403497446319
0.49188407244358223
0.1373924500281447
0.4495711192581345
0.5826389910866465
0.8432399628634832
0.5610483500162604
0.6388720035272086
-0.9206879629724589
0.015215273770311784
-0.6943370519660512
-0.31803631330772786
0.16297650235920724
0.2576034299281829
-0.2730370477769565
-0.924011788392958
-1.611630168653198
-0.7705214271569369
-0.1293558503507045
-0.21849461729388656
-0.018494901925549
0.15517414441737354
-0.3564324029508884
-0.36548234696213017
-0.18477780260848695
0.09226842595340201
-0.09073001308535833
0.264776207451823
0.09861087368152822
0.845158937967862
0.9083741557505546
0.8815615459267981
0.868805847151737
-0.272908210693043
-0.5111288361343189
-0.49086089387524184
-0.009421535567220344
-0.4798608166343784
0.12454258660377188
0.5176904721400079
0.8524670656029912
0.9941310554368246
0.9965903519397454
1.0440301630673814
0.37463395940954547
0.8920845174628523
0.8963506369208866
0.6926474545185631
0.513020628506216
0.5310902868653903
0.24542657001436208
0.2795368414812946
0.440609969663448
-0.4635772579134195
-0.28537878585634324
0.06982090941229595
-0.5498542851816853
-0.568123773820125
-0.616093697299753
-0.3324489789483696
-0.9925662282298575
-0.3779812334155822
-0.15285534939438697
0.09511221004747147
0.011061349811258878
-0.3234253217963509
-0.27627034450887483
-0.03935409336227342
-0.4120754196213007
-1.363506146406456
-1.6769792604551144
-1.067085878141938
-0.9345621949417734
-0.5977407061403603
-0.4469523375143588
-0.5321185468090573
-0.7407336013928514
-0.7725343821654327
-0.4916362615093336
-0.2047904706763316
-0.07654445399143131
0.15201766998618055
-0.2076388821244731
-0.1643391787049368
-0.13093978548812865
-0.4715477621700859
-0.31769341268940193
-0.6476546000582346
0.26914249888862773
0.44493783135048
0.3740449000832197
0.43375243379976447
0.2961528654011017
0.14221129409441485
0.3560400357554442
0.28345157558941353
0.5005702259506438
0.6314040198057442
0.31966558717515925
0.29904904890823353
0.4130584797772791
0.2630320798543038
-0.3855584894492612
-0.4197232827691245
-0.12854171274866885
-0.5414373683123785
-0.2559643436639521
-0.2567962472829902
-1.4938764484659313
-1.4745537166009597
-1.9946646782624633
-2.1841075112366104
-2.1417326820378206
-2.4244272286154205
-1.9600823171577197
-0.7498267612439963
-0.020380482114249057
0.03265421502868967
0.18737089391825293
0.12437945846536494
0.2242850915881287
0.4412804572692869
0.5445599378457529
0.3534934995119717
0.16904354096420807
0.19862384164544541
-0.05490124207575295
0.14716891223024903
-0.3421453655153812
-0.3812358339560876
0.0738827590662649
0.12326665891510143
0.02367545017657412
-0.7226300966298711
-0.3800634621741412
-0.23245635054454847
0.2608824886685456
0.25343753001343994
0.25805279388168767
0.4049562051052728
0.2571475277428651
0.14073465751512523
0.4182790456835441
0.3083970044098975
0.02282083884446162
-1.5149648103354085
-1.339307280158416
-1.713164280615459
-1.5778815931644556
-1.6766568936096
-1.5368683112592487
-1.770501677937564
-1.78480901197499
-1.5710055235249523
-1.879068557691864
-1.5267607539644303
-2.100578688250811
-2.531997754322826
-2.0540404756554036
-2.599981244482299
-2.449159670843184
-2.453081204265679
-3.1537924254196827
-3.0320446292378027
-3.007154212522623
-3.2040442388595
-2.68537208501525
-2.0656293577070226
-1.5483464670161216
-2.3508849505129996
-1.8609240450042146
-2.4577597988446813
-2.7188158061779064
-1.9605739786523617
-2.755629356289573
-2.3566503741956453
-2.127699131154303
-1.5035999439448913
-1.8882718900734818
-2.0657829549621898
-2.019334943283138
-2.3171173265156724
-2.262978964266234
-2.1706365139333617
-1.7421883463162933
-1.7910007998117803
-1.6265288849270356
-1.592835278334954
-1.553410761546482
-1.6675249536232948
-1.3714902754742868
-1.082219339269167
-1.0383997504290563
-1.3572246028905326
-1.2858532977658144
-1.371720956360826
-1.5353746688501577
-1.446540266570164
-1.4440122506897097
-2.3682258146942865
-2.413106793467053
-1.8626899312825809
-1.5911322782334922
-1.566145860394576
-1.6090114412701864
-1.2890615765590003
-1.285270496464168
-1.2778058023576284
-1.1577143185216743
-1.2494474050916984
-1.9270673302364296
-2.206176504393846
-1.6275812210641587
-1.3736117455544408
-1.8620502148720237
-1.8214618970436751
-1.9368412899677685
-2.5757337176487214
-2.5647188478498313
-2.0561633460626543
-2.0283274967984113
-1.9303630189139265
-1.9057041236332213
-1.626450174315377
-1.464440218249688
-1.3532043675404373
-1.6434871872622485
-1.6697988940772226
-1.968899135119824
-1.7842174877311958
-1.9772458199920122
-1.3103899571505202
-1.3612180535604834
-1.7463793747081977
-1.3241836963306417
-1.985525864628699
-1.4584352438496186
-1.204539144447556
-1.8251891732594874
-2.0095972756678133
-1.6624380717287401
-1.3129957556034146
-1.659194213136111
-2.29077117447982
-1.8697497316321603
-1.6374259641203186
-1.89557207324787
-2.007721704467171
-1.8048068891680724
-2.3994597367738537
-2.7415311282769737
-3.1159249948923735
-1.9393341806064452
-1.482120886922201
-1.3052508269280183
-0.9737452604813193
-1.3126981949112868
-1.9404147718831553
-2.8409108020410523
-2.9618749106219906
-3.282702891896194
-2.232973727827451
-2.321783103244864
-2.0566988303977705
-2.38975613733586
-2.1818821632837047
-2.7162609384462315
-2.1719149259821404
-2.763908312734009
-2.3803052332155548
-1.6836684354188058
-1.4280049187532036
-1.6272069197414922
-1.8089247363625336
-1.514859333981264
-2.0206373811936094
-1.7867434184000446
-1.6895165245778943
-1.9256376103494508
-2.183713881036054
-2.278299212666081
-2.9790825216724706
-3.0382612928873076
-2.9730871538670613
-2.97218631008442
-2.60924262697539
-2.202700229804345
-2.037176085926462
-1.8217768901046167
-2.126906778191268
-1.945585161163417
-1.6226399078193476
-1.427035808443343
-2.3060695121065358
-2.551097281822611
-2.682669091156202
-2.970793511152209
-2.2617295616604545
-2.5063194132390567
-2.901824120156142
-2.558965060557591
-2.8586353836011824
-2.89137281827432
-2.8661471915817165
-2.6241620628910765
-2.4665626582766946
-2.553815819920502
-3.034368900025622
-2.71968125803267
-2.4429206077139445
-2.085673776091128
-1.9215495406173457
-2.0596497780179694
-2.638405366992791
-1.8002070724980652
-1.5865065448389137
-1.4825328133264928
-1.3530363249703152
-1.667392965345708
-1.3938539967918757
-1.265596093528651
-1.6971653305541363
-1.4868361169338113
-1.1603331052299648
-1.2799339296390373
-1.078938932262447
-0.9939616468359082
-0.9782745848445469
-1.2352550607349042
-1.1436054018100503
-1.695164823639856
-1.3375064991609997
-1.7565812135749805
-1.1457232437995881
-1.6066151448414405
-1.51673926507021
-1.3404081836736754
-1.1153187956224009
-1.1668707524483906
-1.4535543210840816
-1.5355917275705504
-1.9059445393570567
-1.559519800128731
-1.2234722601840131
-1.3923110079108365
-1.2616957565163296
-1.4219300975356273
-1.2222027478612612
-1.001228426481791
-1.1174575150362265
-1.0404980492608489
-0.952743073977734
-0.9666854316517798
-0.9439127585818083
-1.1850873179866983
-0.90889921438676
-0.8718196351129172
-0.891958148368638
-1.8577187496965994
-1.9428370726881987
-2.3531127508240175
-1.6043979532897716
-1.6811448999522685
-1.6605574171120592
-1.005938227861928
-1.083280221576056
-1.0136344876681875
-1.0729625737553807
-1.1839638819063156
-0.7569146853047906
-0.7561448677575062
-1.0705151736837675
-0.6980907850790692
-0.99998448385869
-0.895839892396529
-0.8436623112313784
-0.5146126966693751
-0.6682597477619067
-0.947400975761408
-0.9182855732862684
-1.4665614920094143
-1.107029069886974
-0.9842274114965786
-0.8940480712934646
-0.8208998389258807
-0.9038823750896628
-1.1701005115850662
-1.0438360462042011
-1.1471626666920907
-1.0573666815141654
-1.1479780629027456
-0.8039079167283472
-0.633199816303774
-1.5502417053162787
-0.8048280029243874
-1.798360567362614
-1.42392219133299
-0.9799249066447387
-0.7302298098549705
-0.7851322063752322
-0.6920259519846749
-0.7543283518000268
-1.3340142079593658
-1.0129938181554854
-0.5499776628711981
-0.5123609065192287
-0.5689858206181959
-1.4830855720093696
-1.6962731833612785
-2.45030467534477
-2.571638600475956
-1.5457156386073208
-0.7628852434380735
-0.7866562113915214
-1.929952958390347
-2.714376393398869
-2.4545125291730625
-1.5078306400549726
-1.545346563941256
-1.5562225689021494
-1.5040572138280066
-1.650491875919216
-1.4096667292436165
-1.095463428426943
-1.1854461883496223
-1.0847378878567526
-1.203109968273595
-1.2387389718066513
-1.088354221418945
-1.2431417792498891
-0.9898789005494604
-0.37531274945320336
-0.2679981427583844
-0.11576391270353933
0.1164670760134019
0.238502625946282
0.38111920112920206
-0.45858890460081486
-0.5041594732665792
-0.14431442689844073
-1.4251207894491098
-2.110669105623619
-2.7592385886322823
-3.080878993130046
-1.646301776738747
-0.6042117074379237
-0.0040189045867984885
0.099751114685972
0.25812727915589184
0.24302099763327134
0.29960198328923177
0.38590765948015987
0.41076528338212726
0.37867321304779766
0.2725697811360538
0.09880192168630236
-0.2813128370663359
-1.1829733931313833
-1.7901803139252717
-2.1201757784909905
-2.117781746635123
-1.2910579928025243
-1.1098430490813456
-0.9597445880790091
-1.86071210451076
-1.1936071425508317
-0.45917300103712916
0.11104748571063468
0.4829910654677152
0.4066606714414194
-0.07210490671690932
0.01863085105630435
-0.23899697518201557
-0.4432623686503573
-0.199071258324161
0.23649404057357631
0.17881335235433132
0.32007073208011183
0.038892043709484576
-0.6819851699874138
0.38888018277136754
0.5865152248974091
0.7840179817543556
0.9213923959438268
0.9988510685958312
0.9066427806343168
0.994342018577934
0.931340312718018
1.0644767962483594
1.0798310936623636
1.183734889404966
0.9786073840003282
1.3065913703065672
1.143985598087566
1.222607362673494
1.2153748887778584
1.465740512350853
1.400066495323753
1.2895189528244326
1.4125046579736582
1.5358253415319632
1.065774360217811
1.5812744711145204
1.3196527278480832
1.199636643552385
1.1422796241082431
1.1758507440085715
1.255883511713459
1.216800911144475
1.440010873541102
1.2826733879311034
1.5335479386330788
1.319004228896373
0.9987144529795933
-0.18329348511082472
-2.0386601966209796
-2.9639118608757524
-2.3645867345764957
-2.8860869245216696
-0.4291220566699035
0.29623979125086297
0.6037229554256316
0.17061868857102647
0.5483170780160473
0.6549282851509022
0.6318085097886325
0.6331920516805627
0.22557240279139712
0.02998986683616385
0.06616142068796585
0.0034434988767310624
0.3417659115901066
-0.2709115692243951
-0.4372527935187736
-0.019389205557136434
0.3361101106982888
0.6809718792471615
0.25103152768884235
0.40087872460268514
0.3534900837984876
0.6331658224284427
0.8272923532103921
0.9796324343022952
1.0779557644414401
0.3563020580417014
0.8339693427997398
1.2370493004734877
1.1686252548370084
0.9857920280550081
0.6974363629806867
0.67441147661716
0.887912503425796
0.7952433087327467
0.9839469201189648
0.9458851129519985
1.0999941189241007
1.1225881553475263
1.0775121336926907
1.1648884832304425
0.5894152811763775
0.5147983953551994
1.0005038796213348
-1.517842744148997
-1.4511953835302451
-0.9879567141189581
-0.4505008630284929
-0.6174463537967629
0.06165786798731204
0.4869137675817772
0.014589944415566783
0.8276717042032351
0.8721930487719809
0.999505670066955
1.1913576675246573
1.3068104900445145
1.1655166359156188
0.3826918979556737
0.41254581607135293
-0.7034554210319818
-1.7043313732330196
-2.688394124805343
-2.3019165231004597
-0.41219377107912697
-2.139026531553993
-2.4099275372292643
-1.0792714085347206
-0.8292255690947131
-1.6481777879274961
-2.8288463383471667
-2.218214118996308
-1.3809453946088444
-0.7154288182783075
-0.03995536581642943
-0.06609871952009232
-0.23073630599861947
-0.6033584628774297
-0.7363745413260926
-0.09215922217262827
0.369921969818917
0.6625210911483033
0.8009536311943524
0.8159035519457093
0.9651099188858435
0.9116497877209382
0.9557969596526604
0.23046178555664562
0.5011815922415901
-0.31903788261178384
0.22210524198539527
0.46689996593343086
0.17873220429075076
0.4285005676545388
0.8028567592297122
0.7406349307367155
0.2412134003520226
1.1028607224816043
0.7901646632363128
0.8229209208784083
0.0700347383336405
0.31566093927212274
0.16199800958751642
0.10667846676969774
0.08204014608505154
-1.3820012884183974
-1.0265103566351985
-1.7578428760635323
-2.37407660145196
-1.1341271660319083
-0.7758131953816368
-0.5996769021996167
-2.4370982669991483
-0.8980967412263411
-1.0593041091248416
-2.376709131275416
-0.4425299007478598
-0.11613083249156397
-0.434887177724942
-0.3121967929447523
-0.9517876713314268
-0.8784722122932727
0.1850806755233651
-0.7755305452358084
-1.2445285680966034
-2.079693340360587
-1.4125088490739652
-1.7785463608376142
-0.49147744114974407
-2.5921547017064555
-0.9911599318255119
-1.8872785631791036
-1.799783571670969
0.023336486465456788
0.9323644629009356
1.1325640480855146
1.2010122504441791
1.0686724548142994
0.6759556033210381
-0.2630564359366319
-1.0066129411149045
-0.6093286018426266
0.16950157214779082
0.7846563433387299
0.6783459120924802
-1.1543418716386014
-0.49139374107148653
0.37999469892196924
0.6342858309611068
0.9381298832110996
0.9153548705822846
0.9135675397814316
1.1874404967184988
0.7677110148201984
1.2587560743402593
0.8407940520027625
0.7675475953151818
0.6803770270401935
0.9219067179685145
-0.7239781521442721
-0.23850810287657112
0.4450488743165925
0.9790897417516162
0.30525389478114107
-0.6908482270212826
-2.835645035128873
-1.535300488561624
-0.3859376022987883
-0.41803375744976856
0.48989879614013665
0.6779862529597374
0.29975814195042694
-0.0188676150388589
-0.14047438616942698
-0.10217321966407156
-0.5324329657953497
0.16911257107914113
0.6149434078690907
0.7050505992967682
0.13062449872566564
0.4238595212714721
0.6504471449968067
0.5039513942479334
0.4195897467697864
-0.8326251202913671
-0.5920618962362887
-1.4670917007009665
-2.257122527598627
-2.585125537518984
-0.9154066629877963
-2.1890325976963405
-0.6079665089470363
0.3727522647301939
0.7263386909381121
0.6732435359035183
0.2753112458317815
0.5058708441092438
-0.14168808055875134
0.44161886183935223
0.6976009900652085
0.3603295701732305
-1.2136817566655733
-0.6075530677649449
-0.07640064869923516
-0.14906322175047804
-2.4224757556720213
-0.7723277248046069
-1.4761344854718983
-0.44501299029766267
0.40070442080098007
1.0149403475685972
0.9503548227818847
0.5530590984989512
-1.1710617020635106
-0.5738787616006694
0.2982710828380914
0.10195176385476232
-2.3912125726309656
-0.4174057203308384
-0.37774238892894035
-0.94719416805193
0.18751780001263257
0.2906837256571108
-1.9361860576413878
-1.9286129818429767
-2.8379274159670422
-2.4800410374856594
-0.942289499070424
-0.9052521817954529
-0.7535376906537373
-0.4608206287405436
-0.3411765072447676
-0.23164659513894997
-0.39198952687857147
0.006567268544900005
-0.5546043185942624
0.18289815962994704
0.2186306371635599
0.538842895029535
0.44196625017545127
0.18460296923097158
-0.3833712662529232
-0.08293593364353172
-0.3080002743202035
-1.4374137294127691
-0.4178424269272636
-0.4590552200676576
-0.6788625415861799
-0.046386039658194975
-0.8098359615891426
-0.5427857627437797
-0.02795490039739765
0.6371146027247727
0.8073885545306168
0.7168246621230919
0.6531466419903615
0.877074048808721
0.14788903883536336
-0.19763768861368666
-0.15186821392870456
-0.3581975527495071
-0.5513866503991689
0.0019128043689938708
0.18956447989924613
0.1945448773774282
-0.49583690538534153
-0.34468687089281125
-2.035997539574502
-2.8949162420949497
-2.728471209478814
-2.736876806037757
-2.4998878872516426
